400



251





















301
251








253






100


53




271


45


285 261 87 355










380
222


149



329






259



395 180
285 56 261 355












42

169

176





273


213















218

















289

71














261




102






104



86




385

361




250







397
388











113




129



68
























326


192
26 3

35





82

285 56 87 355 164









50

110


299



349




56 261 87 355



147









276

25





385


















247


75



















280





285 56 261 87





187


















67




307 185


201






86

200

