10   0.01
11   0.411
12   2.101
13   8.878
14   201.407

10   0.029
11   0.379
12   4.964
13   13.038
14   65.666
15   1387.13

10   0.005
11   0.191
12   2.169
13   10.514
14   117.046
15   710.465

10   0
11   0.007
12   0.029
13   0.097
14   2.302
15   3.737
16   127.179

10   0
11   0.015
12   0.069
13   0.313
14   2.685
15   8.527

10   0
11   0
12   0.085
13   0.286
14   2.416
15   10.923
10   0
15   15.596

iloœæ wierzcho³ów zmienia siê co 10
rozmiar kliki max: 5
krawêdzie poza klik¹: 10
10   0
15   0
20   0
25   0.062
30   0.078
35   0.992
40   2.333
45   3.568
50   0.646
55   42.993
60   14.304
65   12.826
70   113.136
75   87.525
80   18.465
85   204.214
90   416.437
95   978.975
100   817.557
10   0
15   0
20   0.015
25   0.032
30   0.281
35   0.219
40   0.041
45   1.57
50   2.142
55   2.815
60   26.577
65   19.84
70   6.659
75   88.384
10   0
15   0
20   0.048
25   0.047
30   0.351
35   1.457
40   0.481
45   0.178
50   2.051
55   0.92
60   1.253
65   43.476
70   3.06
10   0
15   0
20   0.016
25   0.213
30   0.031
35   1.44
40   0.536
45   1.846
50   0.455
55   14.243
10   0
15   0
20   0
25   0.015
30   0.031
35   0.016
40   0.232
45   0
50   0.156
55   0.203
10   0
15   0.015
20   0
25   0.031
30   0.016
35   0.016
40   0.107
45   0.068
50   0.048
55   0.216
