10   0
20   0.002
30   0.005
40   0.012
50   0.014
60   0.032
70   0.062
80   0.052
90   0.065
100   0.136
110   0.189
120   0.239
130   1.474
140   1.556
150   0.984
160   0.827
170   0.92
180   0.827
190   2.171
200   1.984
210   1.442
220   3.255
230   17.575
240   9.3
250   7.349
260   3.552
270   39.918
280   6.686
290   7.73
300   14.376
310   66.614
320   25.349
330   77.331
340   15.812
350   15.792
360   40.742
370   42.913
380   27.453
390   29.092
400   176.456
10   0
20   0.002
30   0.006
40   0.009
50   0.012
60   0.034
70   0.133
80   0.061
90   0.406
100   0.31
110   0.741
120   0.29
130   0.257
140   0.443
150   0.569
160   3.383
170   0.897
180   5.37
190   1.076
200   5.114
210   1.379
220   6.96
230   3.527
240   4.584
250   48.715
260   13.568
270   43.474
280   4.762
290   4.229
300   90.205
310   8.837
320   36.684
330   141.862
340   9.949
350   17.093
360   9.812
370   64.181
380   78.065
390   35.37
400   15.818
